1
1
2
4
3
6
7
7
1
10
5
4
2
10
7
12
3
9
10
14
9
21
10
21
4
8
15
12
2
6
4
20
33
26
9
28
2
25
13
28
30
29
15
10
34
41
38
4
44
9
45
35
8
20
45
46
54
17
12
59
50
59
54
27
46
47
8
57
69
47
23
20
51
73
60
50
62
5
1
47
44
51
66
31
52
16
8
30
39
36
87
77
16
32
61
41
81
81
22
49
3
40
88
97
96
80
35
48
94
101
20
22
22
52
97
36
117
46
103
65
12
45
24
52
59
43
102
102
1
14
120
32
98
39
91
52
58
114
119
64
102
42
17
46
92
101
64
49
24
22
14
109
115
15
69
34
148
150
46
133
149
112
23
103
146
163
127
118
67
152
7
141
90
137
121
6
100
156
30
71
65
7
154
52
164
79
36
66
54
94
85
50
93
150
182
56
142
103
130
21
157
164
44
72
111
142
47
184
105
198
18
85
5
105
202
90
89
151
121
120
81
112
212
102
29
194
62
24
223
134
44
122
13
21
155
159
180
69
93
126
9
151
235
210
36
15
139
147
167
222
116
200
199
171
204
164
62
133
256
40
85
155
126
49
252
78
218
140
126
107
100
198
112
239
26
151
162
207
158
109
249
138
139
188
93
44
174
279
180
116
16
204
142
104
28
14
207
252
115
51
287
45
249
235
288
201
307
136
286
193
86
173
8
169
289
231
154
60
281
204
235
26
11
173
52
283
108
24
328
39
129
187
197
87
207
198
325
52
171
339
235
291
160
237
300
122
210
174
257
346
110
324
202
135
124
178
312
248
45
266
144
182
141
158
263
246
112
120
75
167
53
316
169
189
243
33
242
168
143
43
270
68
18
233
230
170
348
39
368
66
71
13
28
222
272
217
170
160
249
25
94
363
286
22
402
215
273
392
400
395
288
95
198
11
138
191
353
303
235
118
150
316
22
53
318
246
28
395
418
84
78
109
54
304
426
356
30
179
257
242
425
221
143
390
200
3
179
352
158
245
442
108
419
94
359
407
233
151
220
339
328
336
58
143
162
80
454
347
81
246
101
450
388
407
6
259
395
160
333
286
133
335
314
165
293
177
72
217
457
192
407
280
45
305
323
489
310
396
261
486
